%YAML:1.0
---
Camera Matrix: !!opencv-matrix
   rows: 3
   cols: 3
   dt: d
   data: [ 5.4239861017192254e+02, 0., 2.5947021480980931e+02, 0.,
       5.4599984921863734e+02, 3.1842601332554665e+02, 0., 0., 1. ]
Distortion Coefficients: !!opencv-matrix
   rows: 5
   cols: 1
   dt: d
   data: [ 2.5304195691383584e-02, 2.9951747214006030e-01,
       -1.2220680469800169e-03, 1.6724481453222707e-03,
       -9.7218022910818780e-01 ]
